geolocation: N/A
lastAccountName: emeraldtnt
timestamps:
  login: 1544317108677
ipAddress: 127.0.0.1
lastlocation:
  world: world
  x: 175.5
  y: 68.0
  z: 248.5
  yaw: 2.9017186
  pitch: 0.0
logoutlocation:
  world: world
  x: 171.30000001192093
  y: 64.0
  z: 253.76779532199726
  yaw: 108.0
  pitch: -36.599995
