geolocation: N/A
lastAccountName: Herschman
timestamps:
  login: 1502246328380
  logout: 1502246380440
ipAddress: 127.0.0.1
lastlocation:
  world: world
  x: -101.5
  y: 61.0
  z: 168.5
  yaw: 0.0
  pitch: 0.0
logoutlocation:
  world: world
  x: -139.94635697594353
  y: 51.70711242645949
  z: 161.48709033419422
  yaw: 143.55081
  pitch: -80.54998
