geolocation: Australia
lastAccountName: YummyOreos
timestamps:
  login: 1504158794392
  lastteleport: 1504158809489
  logout: 1504159439715
ipAddress: 60.227.190.114
lastlocation:
  world: world
  x: -96.69361045188995
  y: 64.0
  z: 161.21996299462523
  yaw: -177.07857
  pitch: -18.828869
logoutlocation:
  world: world
  x: 4.021983140907
  y: 64.0
  z: 210.53289384998342
  yaw: 33.297073
  pitch: 3.9095206
afk: false
