geolocation: N/A
lastAccountName: emeraldtnt
timestamps:
  login: 1515168579847
  logout: 1515116436684
  lastteleport: 1502681633384
ipAddress: 127.0.0.1
afk: false
lastlocation:
  world: world
  x: -196.99142862291956
  y: 67.02442408821369
  z: 62.42487570437878
  yaw: -49.055656
  pitch: -7.5413375
logoutlocation:
  world: world
  x: -144.1107726099132
  y: 67.0
  z: 125.84996626190349
  yaw: 139.20004
  pitch: 23.849983
